0 1 3 4 1 0 0 1 1 0 1 0 7 0 1 0 0
1 0 7 8 2 1 1 12 3 0 1 1 4 1 0 0 2
1 4 0 7 3 2 2 0 1 0 8 1 5 5 0 0 1
3 3 2 0 3 1 13 3 5 1 0 0 8 3 0 2 1
1 0 0 3 0 4 6 0 8 5 1 0 1 3 0 2 1
0 0 0 0 0 0 2 8 11 0 4 0 4 3 0 1 0
1 0 1 9 3 4 0 2 0 0 1 0 7 9 1 1 0
0 0 0 1 1 1 2 0 7 5 1 1 1 0 0 0 0
1 1 1 2 5 11 0 3 0 0 0 0 1 0 0 0 0
0 0 0 0 0 0 1 0 0 0 0 11 0 1 0 1 4
4 0 4 3 3 2 1 0 0 0 0 3 11 5 0 2 2
0 0 0 0 0 0 0 0 0 2 0 0 2 0 8 0 0
0 1 9 3 0 3 6 0 0 0 11 2 0 1 0 7 5
0 1 4 0 1 2 1 0 0 0 1 0 1 0 0 0 0
0 0 0 0 0 0 0 0 0 0 0 3 0 0 0 0 0
0 0 0 0 0 1 0 0 0 0 0 1 1 0 0 0 0
0 0 0 0 0 0 0 0 1 1 0 0 0 0 0 0 0
